Expanded 20 nodes


   1 2 3 4 5 6 7    
1  3,4,5,7,5,4,3
2  4,6,8,10,8,6,4
3  5,8,11,13,11,8,5
4  6,10,13,15,13,10,6
5  5,8,11,13,11,8,5
6  4,6,8,10,8,6,4
7  3,4,5,7,5,4,3
Expanded 20 nodes


   1 2 3 4 5 6 7    
1  3 ,4 ,5 ,7 ,5 ,4 ,3
2  4, 6, 8, 10, 8, 6, 4
3  5,8,11,13,11,8,5
4  6,10,13,15,13,10,6
5  5,8,11,13,11,8,5
6  4,6,8,10,8,6,4
7  3,4,5,7,5,4,3
Expanded 20 nodes


   1 2 3 4 5 6 7    
1  3 ,4 ,5 ,7 ,5 ,4 ,3
2  4, 6, 8, 10, 8, 6, 4
3  5,8,11,13,11,8,5
4  6,10,13,15,13,10,6
5  5,8,11,13,11,8,5
6  4,6,8,10,8,6,4
7  3,4,5,7,5,4,3
